# callgrind format
version: 1
creator: callgrind-3.15.0
pid: 50066
cmd:  ./detect_YOLOv8_IR
part: 1


desc: I1 cache: 
desc: D1 cache: 
desc: LL cache: 

desc: Timerange: Basic block 0 - 21551
desc: Trigger: Program termination

positions: line
events: Ir
summary: 82623


ob=(2) ???
fl=(18) ???
fn=(44) 0x00000000040010a0
0 78
cob=(1) /usr/lib/x86_64-linux-gnu/ld-2.31.so
cfi=(19) /build/glibc-SzIz7B/glibc-2.31/elf/dl-minimal.c
cfn=(46) malloc
calls=39 49 
0 1021

fn=(114) 0x0000000004001090
0 14
cob=(1)
cfi=(37) /build/glibc-SzIz7B/glibc-2.31/elf/dl-error-skeleton.c
cfn=(116) _dl_catch_exception
calls=7 175 
0 35071

fn=(40) 0x00000000040010c0
0 14
cob=(1)
cfi=(19)
cfn=(42) calloc
calls=7 92 
0 298

fn=(110) 0x00000000040010f0
0 2
cob=(1)
cfi=(37)
cfn=(112) _dl_catch_error
calls=1 225 
0 2892

fn=(94) 0x0000000004001080
0 28
cob=(1)
cfi=(19)
cfn=(96) free
calls=14 109 
0 70

ob=(1)
fl=(12) /build/glibc-SzIz7B/glibc-2.31/elf/../sysdeps/x86/cpu-features.c
fn=(24) get_common_indices.constprop.0
71 2
+4 4
+3 3
+4 2
-4 1
+4 1
-4 1
+3 1
+1 1
+1 4
+1 4
+1 3
+1 2
+7 2
+1 3
+6 1
-6 4
+6 1
+1 7
+7 3
+4 2
+2 4
225 2
+4 3
+1 2
+3 1
-1 1
+4 1
+2 1
-2 1
+5 2
+50 3
118 2
+3 4
+3 2
+8 1
-5 3
+8 2
+2 2
+2 3
+4 2
+4 2
+7 3

fl=(17) /build/glibc-SzIz7B/glibc-2.31/elf/dl-object.c
fn=(50) _dl_add_to_namespace_list
31 14
+2 7
-2 14
+2 7
-2 14
+2 7
cfi=(2) /build/glibc-SzIz7B/glibc-2.31/elf/rtld.c
cfn=(52) rtld_lock_default_lock_recursive
calls=7 801 
* 21
+2 48
+3 108
+2 6
+2 6
+4 6
+4 6
+1 6
-5 12
+1 12
+1 6
+3 6
-3 6
+3 6
-1 6
cfi=(2)
cfn=(54) rtld_lock_default_unlock_recursive
calls=6 807 
* 18
-4 1
+4 1
+1 1
-5 2
+1 2
+1 1
+3 1
-3 1
+3 1
-1 1
cfi=(2)
cfn=(54)
calls=1 807 
* 3
-5 2

fn=(38) _dl_new_object
59 77
+3 7
-3 14
+3 14
+15 24
cfi=(14) /build/glibc-SzIz7B/glibc-2.31/string/../sysdeps/x86_64/multiarch/../strlen.S
cfn=(30) strlen
calls=6 -36 
* 200
* 30
+12 24
cob=(2)
cfi=(18)
cfn=(40)
calls=6 -89 
* 267
* 4
cob=(2)
cfi=(18)
cfn=(40)
calls=1 -89 
* 45
* 7
+3 14
+4 7
+5 7
-6 7
+6 7
-5 7
+5 7
-5 7
+5 7
-1 7
+1 7
-1 7
+1 7
cfi=(20) /build/glibc-SzIz7B/glibc-2.31/string/../sysdeps/x86_64/multiarch/memmove-vec-unaligned-erms.S
cfn=(48) memcpy
calls=7 +26 
* 96
* 7
+15 14
-15 7
+15 7
-13 7
+13 26
+6 1
+2 7
+3 2
-3 42
+3 12
+2 7
+4 7
+3 22
+2 1
-2 3
+2 15
-2 45
+16 14
-5 7
+5 7
-6 7
+6 7
-6 7
+6 14
+2 12
+3 12
-3 12
+7 24
+4 12
+2 1
+6 1
+3 1
+10 2
-10 1
+10 1
-10 6
+10 12
-10 6
+10 6
+2 6
+21 6
-21 6
cfi=(14)
cfn=(30)
calls=6 41 
* 262
+4 6
-4 18
+17 6
-13 18
+50 18
cfi=(20)
cfn=(78) mempcpy
calls=6 114 
* 142
* 6
+5 12
+1 12
-1 252
+1 252
+2 12
+3 6
+3 6
+4 63
128 14
+37 18
-15 1
+7 4
-21 12
+60 12
cob=(2)
cfi=(18)
cfn=(44)
calls=6 0 
* 162
* 6
+1 24
64 2
+1 6
+9 1
-5 2

fl=(40) /build/glibc-SzIz7B/glibc-2.31/io/../sysdeps/unix/sysv/linux/open64_nocancel.c
fn=(128) __open_nocancel
34 82
+3 82
-3 246
+3 492
+8 567
+2 6
-2 225
+2 75

fl=(10) /build/glibc-SzIz7B/glibc-2.31/elf/../sysdeps/unix/sysv/linux/dl-sysdep.c
fn=(68) _dl_discover_osversion
46 5
+2 3
+85 5
-45 2
cfi=(26) /build/glibc-SzIz7B/glibc-2.31/posix/../sysdeps/unix/syscall-template.S
cfn=(70) uname
calls=1 -10 
* 6
+15 1
-15 2
+20 1
-1 1
+3 12
+4 3
-2 6
+2 10
+2 1
+1 2
-3 4
+7 3
-1 3
+4 3
-2 3
+2 10
+5 2

fl=(51) /build/glibc-SzIz7B/glibc-2.31/misc/../sysdeps/unix/syscall-template.S
fn=(164) mprotect
78 20
+1 4

fl=(43) /build/glibc-SzIz7B/glibc-2.31/io/../sysdeps/unix/sysv/linux/wordsize-64/fxstat.c
fn=(136) _fxstat
33 24
+1 12
+1 24
+4 6

fl=(22) /build/glibc-SzIz7B/glibc-2.31/string/../sysdeps/x86_64/strcmp.S
fn=(58) strcmp
111 100
+33 100
+1 100
+2 100
+1 100
+21 100
+1 100
+1 92
+1 92
+1 92
+1 92
+1 92
+1 92
+21 92
+1 92
+1 92
+1 92
+1 92
+1 92
+1 92
+15 8
+1 8
+1 8
+1 8
+1 8
+1 8
+1 8
+1 8
+1 7
+1 4
+1 4
+1 4
+2 4
+1 4
+1 4
+1 4
+1 4
+1 4
-5 3
+1 3
+1 3
+1 3
+1 3
+1 3
+10 1
+1 1
+1 1
+2 1
+6 1
+1 1
+1 1
+1 1
+1 1
+5 1
1196 2
+1 2
+1 2
+1 2
+1 2
+2 2
+1 2
+1 2
+1 2
+1 2
+1 2
+1 2
+1 2
+4 2
+1 2
+1 2
+6 2
+1 2
+1 4
+4 2
+1 2
+3 2
+1 2
+1 2
+3 2
+1 2
+1 2
+6 2
+1 2
+1 2
+1 2
+1 2
+1 2
1821 2
+1 2
+1 2
+1 2
+1 2
+2 2
+1 2
+1 2
+1 2
+1 2
+1 2
+1 2
1946 1
+1 1
+1 1
+1 1
+1 1
+2 1
+1 1
+1 1
+1 1
+1 1
+1 1
+1 1
+1 1
+4 1
+1 1
+1 1
+6 1
+1 1
+1 2
+4 1
+1 1
+3 1
+1 1
+1 1
+3 1
+1 1
+1 1
+6 1
+1 1
+1 1
+1 1
+1 1
+1 1
+72 2
+1 2
+1 2
+1 2
+1 2
+2 2
+1 2
+1 2
+1 2
+1 2
+1 2
+1 2
2200 3
+2 3
+1 3
+1 3
+1 3
-3 5
+1 5
+1 5
+1 5
+1 8
+5 4
+6 4
+1 4
+8 4
+1 4
-16 96
+6 96
+1 96
+8 96
+1 96

fl=(11) /build/glibc-SzIz7B/glibc-2.31/elf/../sysdeps/unix/sysv/linux/x86_64/brk.c
fn=(20) brk
28 1
+3 5
+2 2
+6 1
+1 1

fl=(37)
fn=(112)
225 10
+2 2
cob=(2)
cfi=(18)
cfn=(114)
calls=1 0 
* 2869
+1 2
+1 1
+1 1
-1 1
+1 1
+2 5

fn=(116)
175 56
+3 14
+22 7
-1 7
+7 14
-6 7
+3 14
+3 7
cfi=(38) /build/glibc-SzIz7B/glibc-2.31/setjmp/../sysdeps/x86_64/setjmp.S
cfn=(118) __sigsetjmp
calls=7 30 
* 168
* 28
+2 21
cfi=(49) /build/glibc-SzIz7B/glibc-2.31/elf/dl-deps.c
cfn=(156) openaux
calls=6 61 
* 31860
cfi=(2)
cfn=(120) map_doit
calls=1 606 
* 2808
+2 6
-1 6
+1 6
-1 6
+1 12
+9 24

fl=(16) /build/glibc-SzIz7B/glibc-2.31/elf/dl-environ.c
fn=(36) _dl_next_ld_env_entry
28 3
+1 3
+3 82
+13 72
-13 144
+2 148
+1 36
+5 2
-3 2
+3 2
+2 2
+7 1

fl=(21) /build/glibc-SzIz7B/glibc-2.31/elf/../sysdeps/x86/dl-prop.h
fn=(140) _dl_process_pt_note
153 100
+4 10
+2 40
53 16
+6 10
160 3
-98 3
+5 6
+89 4
-89 4
+89 8
-89 8
+70 16
-1 4
-69 12
+3 12
+1 8
+1 8
+4 12
+4 12
+3 12
+1 8
+4 4
+1 8
+11 4
+1 16
+5 8
-13 8
+1 4
+3 10
+66 4
+16 8
+3 10
+1 80
-19 30
+6 6
-6 2
+6 4
cfi=(52) /build/glibc-SzIz7B/glibc-2.31/io/../sysdeps/unix/sysv/linux/pread64_nocancel.c
cfn=(168) __pread64_nocancel
calls=2 29 
* 14
* 4
53 4
+6 2
+3 1
+5 2
+75 20
+1 4
+1 8
+1 8
-32 8
+3 8
+4 4

fl=(26)
fn=(70)
78 5
+1 1

fl=(49)
fn=(156)
61 18
+7 6
-4 12
+1 6
-1 48
cfi=(27) /build/glibc-SzIz7B/glibc-2.31/elf/dl-load.c
cfn=(122) _dl_map_object
calls=6 1927 
* 31755
* 5
+5 10

fn=(152) _dl_map_object_deps
159 2
+1 3
-1 2
+1 1
-1 1
+1 1
-1 5
+1 3
-1 1
+1 1
-1 1
+1 7
-15 1
+15 2
-8 1
-6 1
-1 1
+15 1
-16 1
+8 3
-6 1
+6 1
+24 3
-28 3
-2 1
+31 1
-33 2
+2 5
-1 4
+7 4
+24 7
+4 1
fi=(53) /build/glibc-SzIz7B/glibc-2.31/elf/../include/scratch_buffer.h
77 3
fe=(49)
198 1
fi=(53)
78 1
fe=(49)
200 2
+87 1
-89 1
+4 1
+7 1
+4 4
+11 2
+2 1
+11 1
-5 1
-6 2
+5 1
+2 2
+1 2
+3 4
+66 1
-97 1
+97 1
-66 1
+66 2
-65 3
+6 4
cfi=(27)
cfn=(154) _dl_dst_count
calls=1 -13 
* 66
* 20
cfi=(27)
cfn=(154)
calls=5 -13 
* 258
* 18
+4 18
-2 6
+2 6
cob=(2)
cfi=(18)
cfn=(114)
calls=6 0 
* 32216
+1 10
+9 5
+2 10
+5 25
+6 5
+2 5
-8 10
+3 5
+1 5
+1 5
+1 5
+4 25
+4 15
-42 20
+1 10
+6 12
-30 4
-54 2

fl=(39) /build/glibc-SzIz7B/glibc-2.31/elf/dl-misc.c
fn=(124) _dl_name_match_p
282 210
+1 70
cfi=(22)
cfn=(58)
calls=35 111 
* 875
* 35
+1 35
-1 70
+3 35
+2 70
+4 42
-4 84
+1 126
cfi=(22)
cfn=(58)
calls=42 111 
* 1050
* 84
+6 35
-1 35
+1 105

fl=(52)
fn=(168)
29 8
+1 16
+1 4

fl=(50) /build/glibc-SzIz7B/glibc-2.31/io/../sysdeps/unix/sysv/linux/wordsize-64/xstat.c
fn=(162) _xstat
33 212
+1 106
+1 212
+4 4
-4 196

fl=(33) /build/glibc-SzIz7B/glibc-2.31/string/../sysdeps/x86_64/memcmp.S
fn=(98) bcmp
23 1
+5 1
+1 1
+1 1
+1 1
+1 1
+1 1
+1 1
+1 1
+3 1
+1 1
+1 1
+1 1
+1 1
+1 1
+1 1
+1 1
+1 1
+2 1
+1 1
+1 1
+1 1
+1 1
+1 1
+1 1
+1 1
+1 1
+2 1
+1 1
+1 1
+1 1
+1 1
+1 1
+1 1
+1 1
+1 1
+36 1
+1 1
+1 1
+1 1
+1 1
+1 1
+1 1
+1 1
+1 1
+1 1
+1 1
+1 1
+1 1

fl=(44) /build/glibc-SzIz7B/glibc-2.31/misc/../sysdeps/unix/sysv/linux/mmap64.c
fn=(138) mmap
48 26
+3 52
-3 104
+6 52
+5 156
+2 78
-7 18

fl=(34) /build/glibc-SzIz7B/glibc-2.31/elf/dl-debug.c
fn=(104) _dl_debug_state
73 1
+1 1

fn=(100) _dl_debug_initialize
46 7
+3 14
+5 12
+5 2
-1 1
+1 2
+1 2
-1 1
+5 1
-14 7
+4 14
+3 1
+1 8

fl=(1) ???
fn=(0) 0x0000000000001100
0 2
cfi=(2)
cfn=(2) _dl_start
calls=1 463 
0 82621

fl=(7) /build/glibc-SzIz7B/glibc-2.31/elf/../elf/dl-sysdep.c
fn=(12) _dl_sysdep_start
89 9
+25 1
-1 1
+1 232
+6 1
-3 1
+1 1
-4 1
+3 1
+3 8
-29 1
-1 2
+30 20
+1 111
+61 1
+1 1
-1 1
+1 1
-63 79
+34 1
-34 2
+35 1
-35 2
+46 1
-46 1
+47 1
-1 1
-46 3
+40 1
-40 1
+41 1
-1 1
-40 3
+37 1
-37 2
+38 1
-38 3
+13 1
-13 2
+14 1
-14 2
+10 1
-10 2
+11 1
-11 2
+7 1
-7 4
+4 1
-4 4
223 1
cfi=(8) /build/glibc-SzIz7B/glibc-2.31/elf/dl-tunables.c
cfn=(14) __GI___tunables_init
calls=1 +64 
* 33691
fi=(10)
36 2
cfi=(11)
cfn=(20)
calls=1 -8 
* 10
fi=(12)
309 1
+13 1
-12 1
+1 1
+11 2
+3 6
476 3
+1 1
+3 2
+1 1
+6 1
+6 1
-5 1
+5 1
-3 1
+3 1
-4 1
+4 1
cfi=(8)
cfn=(26) __tunable_get_val
calls=1 368 
* 18
+2 4
cfi=(8)
cfn=(26)
calls=1 368 
* 20
* 1
+2 3
-2 1
+2 1
cfi=(8)
cfn=(26)
calls=1 368 
* 20
* 1
+2 3
-2 1
+2 1
cfi=(8)
cfn=(26)
calls=1 368 
* 20
* 1
+12 1
-1 1
-11 1
+12 1
+47 4
cfi=(8)
cfn=(26)
calls=1 368 
* 18
+2 4
cfi=(8)
cfn=(26)
calls=1 368 
* 18
fi=(13) /build/glibc-SzIz7B/glibc-2.31/elf/../sysdeps/unix/sysv/linux/x86/cpu-features.c
28 6
fe=(7)
234 3
+1 1
cfi=(14)
cfn=(30)
calls=1 41 
* 17
* 1
+2 2
cfi=(15) /build/glibc-SzIz7B/glibc-2.31/elf/../misc/sbrk.c
cfn=(32) sbrk
calls=1 32 
* 18
* 3
+12 3
+3 5
cfi=(2)
cfn=(34) dl_main
calls=1 1090 
* 46905
fi=(12)
515 3
+28 2
-9 3
+2 4
+1 2
+2 4
+1 2
331 6
cfn=(24)
calls=1 71 
* 99
49 4
+1 2
+1 6
+5 2
+1 6
+5 2
+1 6
336 7
+89 4
-96 1
+96 2
-99 1
+12 10
+38 2
+14 1
+10 5
+14 2
+1 1
fe=(7)

fl=(27)
fn=(126) open_verify.constprop.1
1466 1
+70 1
-70 4
+70 1
-70 6
+70 1
cfi=(40)
cfn=(128)
calls=1 34 
* 19
* 1
+2 2
+11 2
+6 1
-6 1
+1 2
+5 5
cfi=(41) /build/glibc-SzIz7B/glibc-2.31/io/../sysdeps/unix/sysv/linux/read_nocancel.c
cfn=(130) __read_nocancel
calls=1 25 
* 6
+2 2
+2 3
+2 2
+6 2
+16 9
1761 2
cob=(2)
cfi=(18)
cfn=(94)
calls=1 0 
* 7
+4 9
1583 7
+74 2
+5 2
+2 4
+6 2
+6 1
+1 1
-1 3
+1 1
-1 1
+1 2
+1 2
+20 4
1543 2
1698 66
+1 28
+1 8
+4 8
+17 4
+8 12
+3 18
+3 2
-4 2
+4 4
+6 4
-36 6

fn=(158) open_path
1779 88
+1 11
-1 66
+1 11
+6 22
+5 187
-7 11
1443 22
1791 11
-8 11
+8 22
+3 22
+9 66
-9 42
+9 126
+7 96
+1 32
-1 32
cfi=(20)
cfn=(78)
calls=32 114 
* 536
-12 32
+12 32
+55 64
-22 256
-32 321
+3 256
-3 256
+3 256
+4 567
cfi=(20)
cfn=(78)
calls=81 114 
* 1113
* 324
cfi=(20)
cfn=(78)
calls=81 114 
* 1053
+3 162
+3 243
+3 486
cfn=(160) open_verify.constprop.0
calls=81 1466 
* 5414
* 80
+2 240
+2 112
+1 3
+23 3
+2 15
+25 15
cob=(2)
cfi=(18)
cfn=(44)
calls=5 0 
* 135
* 5
+1 10
-1 5
+1 5
+2 25
cfi=(20)
cfn=(48)
calls=5 127 
* 103
+1 10
+7 5
+27 90
1811 525
+85 208
+7 52
-2 52
+2 52
+3 15
-51 96
+2 48
-46 150
+25 106
+1 371
+6 106
+2 159
-2 106
+2 53
cfi=(50)
cfn=(162)
calls=53 33 
* 730
* 53
+3 53
-3 106
+1 4
+2 4
-2 4
+2 134
-57 22

fn=(82) decompose_rpath.isra.0
555 12
+13 1
-9 1
+9 2
+31 2
+7 1
cfi=(31) /build/glibc-SzIz7B/glibc-2.31/string/strdup.c
cfn=(84) strdup
calls=1 40 
* 141
* 1
+1 2
+8 4
-1 2
+3 2
-2 1
+2 2
-2 3
+2 180
-2 90
+2 180
-2 271
+6 1
cob=(2)
cfi=(18)
cfn=(44)
calls=1 0 
* 27
+2 2
+8 8
cfn=(86) fillin_rpath
calls=1 447 
* 2269
+4 2
cob=(2)
cfi=(18)
cfn=(94)
calls=1 0 
* 7
+3 3
+7 1
+3 1
-1 1
+2 8

fn=(72) _dl_init_paths
681 2
+13 2
-13 8
+13 3
cfi=(28) /build/glibc-SzIz7B/glibc-2.31/elf/dl-hwcaps.c
cfn=(74) _dl_important_hwcaps
calls=1 42 
* 747
+5 1
-5 1
+5 1
cob=(2)
cfi=(18)
cfn=(44)
calls=1 0 
* 27
-1 1
+2 2
+7 2
+1 4
-1 3
+4 4
cob=(2)
cfi=(18)
cfn=(44)
calls=1 0 
* 27
* 2
+2 2
+7 1
+10 1
-2 2
+2 1
+3 2
+9 1
-7 1
+7 2
-3 1
-20 1
+12 1
+3 1
+8 1
-3 17
cfi=(30) /build/glibc-SzIz7B/glibc-2.31/string/../sysdeps/x86_64/multiarch/memset-vec-unaligned-erms.S
cfn=(80) memset
calls=4 108 
* 52
+3 18
-14 9
+14 3
-12 6
+4 3
+4 3
-7 3
+3 3
+1 3
-2 3
+5 3
+1 3
-4 3
+4 3
+14 1
-11 1
+6 1
+1 1
+5 2
+2 4
+2 3
+5 1
+1 1
-2 3
+2 1
-2 2
cfn=(82)
calls=1 555 
* 3228
+6 1
+3 1
+25 5
+2 2
cfi=(14)
cfn=(30)
calls=1 41 
* 61
* 19
cfi=(20)
cfn=(48)
calls=1 127 
* 27
* 1
+5 4
-1 2
+2 420
+1 3
-1 6
-1 421
+5 1
cob=(2)
cfi=(18)
cfn=(44)
calls=1 0 
* 27
-1 1
+1 1
+1 2
+6 6
cfn=(86)
calls=1 447 
* 3334
+3 3
+6 1
+4 8
-30 2

fn=(86)
447 14
+2 2
-2 18
+4 6
cfi=(19)
cfn=(88) strsep
calls=2 262 
* 872
* 21
cfi=(19)
cfn=(88)
calls=7 262 
* 1887
* 27
+7 14
+2 21
cfn=(90) expand_dynamic_string_token
calls=7 -82 
* 1074
* 7
+4 14
+5 14
cfi=(14)
cfn=(30)
calls=7 41 
* 209
* 7
+1 14
+7 35
+9 182
+1 102
cfi=(33)
cfn=(98)
calls=1 23 
* 49
* 2
+57 14
cob=(2)
cfi=(18)
cfn=(94)
calls=7 0 
* 49
* 7
-39 20
cfi=(14)
cfn=(30)
calls=3 41 
* 51
* 6
+4 24
cob=(2)
cfi=(18)
cfn=(44)
calls=3 0 
* 81
* 32
cob=(2)
cfi=(18)
cfn=(44)
calls=4 0 
* 108
+2 21
+5 7
+1 14
-2 14
+2 7
cfi=(20)
cfn=(78)
calls=7 114 
* 115
+1 7
+2 7
-3 7
+1 7
+2 7
+1 1
+5 4
+1 2
-1 24
+1 68
+1 28
-1 14
+1 28
-1 42
+3 7
+1 7
-1 7
+1 7
+2 3
-1 9
+1 3
-1 6
cfi=(20)
cfn=(48)
calls=3 127 
* 42
* 6
+7 3
-1 3
+4 9
-3 4
-1 4
+4 12
-60 28
+23 8
+43 2
+3 18
-15 8

fn=(122)
1927 70
+8 14
+1 28
+3 161
+5 245
+2 105
cfi=(39)
cfn=(124)
calls=35 282 
* 2961
* 70
+4 70
+1 105
+3 22
+1 22
+1 22
-1 22
+1 22
cfi=(22)
cfn=(58)
calls=22 111 
* 774
* 44
2238 54
1972 42
-43 7
+53 21
+36 14
-2 7
+2 7
cfi=(32) /build/glibc-SzIz7B/glibc-2.31/string/../sysdeps/x86_64/multiarch/../strchr.S
cfn=(92) index
calls=7 23 
* 240
* 14
2169 2
-1 3
cfn=(90)
calls=1 378 
* 246
+2 1
-3 1
+1 1
+2 2
+4 4
cfn=(126)
calls=1 1466 
* 285
* 1
+3 2
+12 4
+46 1
+1 3
-1 1
+1 9
cfn=(132) _dl_map_object_from_fd
calls=1 866 
* 1890
-1 5
+1 15
-1 5
+1 45
cfn=(132)
calls=5 866 
* 10032
* 18
2022 12
cfi=(14)
cfn=(30)
calls=6 41 
* 156
* 12
+2 12
+7 24
+35 12
+1 72
cfn=(158)
calls=6 1779 
* 9177
+6 5
-6 5
+6 20
659 5
2074 5
659 10
+3 10
2076 60
cfn=(158)
calls=5 1779 
* 7142
* 10
+4 10
+81 10
+28 20
+2 20

fn=(90)
378 56
234 8
378 8
234 8
378 8
234 8
cfi=(32)
cfn=(92)
calls=8 23 
* 378
+3 16
403 8
-11 8
+11 48
-11 8
cfi=(31)
cfn=(84)
calls=8 40 
* 758

fn=(132)
866 60
+10 6
-10 6
+10 6
-10 18
+10 6
cfi=(34)
cfn=(100)
calls=6 46 
* 54
* 6
+7 24
+61 24
+10 12
+7 24
+33 12
877 6
997 42
cfi=(17)
cfn=(38)
calls=6 59 
* 2453
* 6
+1 12
+11 12
+5 6
-5 6
+1 6
+5 6
-5 6
+1 6
+2 6
-2 6
+2 12
+1 18
+20 12
-2 6
+2 102
+8 6
-8 6
+8 6
-8 6
+8 18
+90 6
-96 6
+96 6
-97 6
-5 12
1132 12
-89 473
fi=(42) /build/glibc-SzIz7B/glibc-2.31/elf/../sysdeps/posix/dl-fileid.h
37 24
cfi=(43)
cfn=(136)
calls=6 -4 
* 66
* 12
fe=(27)
901 12
fi=(42)
40 12
+1 6
fe=(27)
901 6
fi=(42)
40 6
fe=(27)
901 105
+1 54
fi=(42)
49 84
fe=(27)
1417 54
920 12
1066 105
+5 147
+8 21
+1 21
+1 21
-2 21
+1 42
+1 63
-1 21
+1 21
-1 42
+1 84
+3 21
-3 21
+1 42
+2 21
+4 42
+1 90
+5 30
-1 15
+1 15
-1 15
-14 15
+15 75
-52 90
+52 12
-1 6
+1 6
-1 6
-14 6
+15 30
-52 282
1157 12
1010 12
1170 12
+10 24
fi=(45) /build/glibc-SzIz7B/glibc-2.31/elf/./dl-map-segments.h
56 6
fe=(27)
1180 12
fi=(45)
56 12
fe=(27)
1180 18
fi=(45)
56 12
-6 6
+6 6
-6 6
+6 6
cfi=(44)
cfn=(138)
calls=6 -8 
* 124
* 6
+4 12
+3 12
+1 6
+2 6
-3 6
+1 6
+2 6
+7 40
cfi=(51)
cfn=(164)
calls=4 +5 
* 24
* 8
+7 6
+2 6
fi=(46) /build/glibc-SzIz7B/glibc-2.31/elf/./dl-load.h
+8 42
+1 18
+2 42
fi=(45)
+11 84
+6 6
+2 6
-2 6
+1 6
+2 12
-1 12
+3 12
+5 12
+3 12
+8 42
cfi=(30)
cfn=(80)
calls=6 -23 
* 877
+1 12
+5 12
+12 21
-59 105
+2 75
+2 120
cfi=(44)
cfn=(138)
calls=15 -46 
* 270
* 30
fe=(27)
1107 6
+4 2
+1 4
+1 2
+3 10
+1 2
+3 2
-3 2
+8 8
-65 4
+1 2
+88 50
cfi=(21)
cfn=(140)
calls=10 153 
* 609
* 40
1049 12
+5 12
+1 24
-12 72
1144 24
+2 6
-6 12
+1 6
+51 24
+9 18
fi=(3) /build/glibc-SzIz7B/glibc-2.31/elf/get-dynamic-info.h
42 6
+6 6
-2 6
+2 12
+15 6
+5 6
+3 6
-2 6
-2 6
-3 12
-1 132
+1 81
-16 27
+26 27
-26 222
+26 168
-26 336
+2 390
+23 336
-8 30
+3 24
+3 24
+1 24
+9 12
+20 18
+1 24
+1 24
+1 24
+2 24
+5 24
+1 23
+1 24
+5 18
+5 12
+7 12
+1 18
+18 18
+5 2
+2 2
+2 2
+2 2
+3 18
+2 6
+1 4
+9 4
+5 4
+3 12
+2 4
fe=(27)
1208 12
+2 12
+19 18
+19 12
+2 30
+48 18
+1 4
+3 4
cfi=(47) /build/glibc-SzIz7B/glibc-2.31/io/../sysdeps/unix/sysv/linux/close_nocancel.c
cfn=(148) __GI___close_nocancel
calls=2 25 
* 12
* 8
cfi=(47)
cfn=(148)
calls=4 25 
* 24
* 12
+9 12
+2 24
+2 12
+16 12
cfi=(6) /build/glibc-SzIz7B/glibc-2.31/elf/dl-lookup.c
cfn=(10) _dl_setup_hash
calls=6 961 
* 144
+4 12
+1 12
+17 12
+4 6
+5 6
-5 6
+5 6
+10 12
+9 12
+1 8
+5 2
cfi=(35) /build/glibc-SzIz7B/glibc-2.31/elf/../elf/dl-tls.c
cfn=(166) _dl_next_tls_modid
calls=2 48 
* 14
* 2
+7 6
cfi=(17)
cfn=(50)
calls=2 31 
* 116
* 12
cfi=(17)
cfn=(50)
calls=4 31 
* 208
+4 18
fi=(46)
94 20
+2 4
-1 8
+1 4
-1 4
+1 4
-1 4
+1 4
-1 8
+3 16
fe=(27)
1354 2
fi=(45)
141 32
cfi=(44)
cfn=(138)
calls=4 -93 
* 72
+3 8
fi=(3)
+37 3
-20 2
fi=(42)
49 8
fe=(27)

fn=(160)
1466 891
+39 243
+31 324
cfi=(40)
cfn=(128)
calls=81 34 
* 1756
* 80
+2 160
+11 10
+6 5
-6 5
+1 10
+5 25
cfi=(41)
cfn=(130)
calls=5 25 
* 30
+2 10
+2 15
+2 10
+6 10
+16 45
-65 75
1765 720
1583 35
+74 10
+5 10
+2 20
+6 10
+6 5
+1 5
-1 15
+1 5
-1 5
+1 10
+1 10
+20 20
1543 10
1698 306
+1 126
+1 32
+4 32
+6 4
+1 32
+10 14
cfi=(52)
cfn=(168)
calls=2 29 
* 14
* 18
+8 48
1583 6
1761 10
cob=(2)
cfi=(18)
cfn=(94)
calls=5 0 
* 35
* 5
-29 72
+3 8
-4 8
+4 16
+6 16
-36 18

fn=(154)
231 12
+3 6
-3 12
+7 6
-7 12
+3 6
cfi=(32)
cfn=(92)
calls=6 23 
* 216
+3 12
+20 42

fl=(30)
fn=(80)
108 10
+1 50
+6 10
+1 10
+1 9
+1 9
+2 4
+1 4
+2 4
+65 5
+1 5
+10 5
+1 5
+1 5
+1 5
+1 5
+1 5
+1 5
+1 5
+1 5
+1 5
+1 5
+1 5
+1 5
+1 5
+2 104
+1 104
+1 104
+1 104
+1 104
+1 104
+1 104
+1 5
+15 1
+1 1
+1 1
+28 1
+1 1
+2 1

fl=(36) /build/glibc-SzIz7B/glibc-2.31/string/../sysdeps/x86_64/strcspn.S
fn=(108) strcspn
28 1
+2 1
+7 1
+1 1
+2 1
+1 1
+1 1
+1 1
+1 33
+3 3
+7 1
+1 1
+1 1
+1 1
+2 1
+1 1
+1 1
+1 1
+2 1
+1 1
+1 1
+9 3
+12 1
+2 1
+1 1
+1 1
-4 16
+2 16
+1 16
+1 16
+2 16
+1 16
+1 16
+2 16
+1 16
+1 16
+2 16
+1 16
+1 16
+6 1
+7 1
+4 1

fl=(41)
fn=(130)
25 6
+1 24
+1 6

fl=(31)
fn=(84)
40 45
+1 9
cfi=(14)
cfn=(30)
calls=9 * 
* 339
* 9
+1 18
cob=(2)
cfi=(18)
cfn=(44)
calls=9 -42 
* 243
+2 18
+4 9
-1 27
+1 18
-1 9
cfi=(20)
cfn=(48)
calls=9 +80 
* 155

fl=(2)
fn=(2)
463 10
66 3
fi=(5) /build/glibc-SzIz7B/glibc-2.31/elf/../sysdeps/x86_64/dl-machine.h
-7 1
fe=(2)
+7 1
fi=(3)
-18 1
fi=(5)
+11 2
fe=(2)
507 1
-3 1
fi=(3)
48 2
+15 1
+5 1
+3 1
+1 1
+1 1
-4 1
-2 1
-3 2
-1 20
+1 12
-16 4
+26 4
-26 8
+2 36
+23 13
-25 13
+26 13
-26 27
+26 1
-26 2
+33 2
+20 4
+1 4
+1 4
+1 4
+2 4
+5 4
+1 4
+1 4
+5 3
+5 2
+7 3
+1 3
+8 3
+3 3
+4 2
+1 2
fe=(2)
518 2
+7 1
66 1
430 1
66 3
430 1
cfi=(6)
cfn=(10)
calls=1 961 
* 24
+1 1
+18 2
-18 1
+1 2
+1 2
+1 2
+9 1
+6 1
cfi=(7)
cfn=(12)
calls=1 89 
* 81549
fi=(3)
65 5
+3 4
fe=(2)
523 25
fi=(4) /build/glibc-SzIz7B/glibc-2.31/elf/do-rel.h
84 1
-1 1
+28 3
+1 2
fi=(5)
541 2
fi=(4)
112 82
fi=(5)
541 82
+1 42
fi=(4)
111 42
fi=(5)
542 84
fi=(4)
111 84
+5 2
fi=(5)
421 1
fi=(4)
124 2
fi=(5)
333 18
fi=(4)
124 27
+12 9
+3 9
-3 9
fi=(5)
301 9
fi=(4)
139 9
-3 9
+1 18
fi=(5)
301 18
+8 90
+3 18
+21 45
fi=(3)
71 4
+1 3
+1 2
fi=(5)
353 18
+1 9
fe=(2)

fn=(52)
801 7
+1 7
+1 7

fn=(34)
1090 2
+12 1
-12 10
+12 1
+4 2
-16 1
+22 1
-22 1
+16 1
+6 1
-6 1
2533 1
+7 1
1106 1
2535 1
-2 1
+7 3
1106 1
2540 1
-4 1
+4 1
+2 4
cfi=(16)
cfn=(36)
calls=1 28 
* 67
* 4
cfi=(16)
cfn=(36)
calls=2 28 
* 430
* 9
+4 6
-2 2
+2 42
+1 19
-1 57
+9 12
2704 3
+32 3
1122 3
2631 3
+1 3
-56 2
+7 2
1330 7
cfi=(17)
cfn=(38)
calls=1 59 
* 231
* 1
+2 2
+1 1
+1 1
+5 2
-5 1
+1 2
+4 1
cfi=(17)
cfn=(50)
calls=1 31 
* 35
+1 2
1099 1
1369 1
-5 1
-2 1
+4 1
+3 1
-5 1
+5 5
+56 1
1096 1
1425 1
-15 2
-22 1
+22 1
+15 3
-55 102
fi=(21)
142 4
+1 1
+1 2
+1 1
fe=(2)
1369 24
1478 7
+3 2
+2 2
+2 3
+13 3
+3 2
-2 1
+2 1
-2 2
cfi=(22)
cfn=(58)
calls=1 111 
* 25
* 2
+7 1
+3 1
-5 1
+3 1
+2 1
+1 2
+4 2
+2 2
fi=(3)
33 1
+9 2
+6 1
-2 1
+2 2
+15 1
+5 1
+4 1
-1 1
-2 1
-5 2
-1 24
+1 15
-16 5
+26 5
-26 10
+2 78
+23 34
-25 34
+26 34
-26 68
+33 3
+20 3
+1 4
+1 4
+1 4
+2 4
+5 4
+1 4
+1 4
+5 3
+5 2
+7 2
+1 3
+18 3
+5 2
+2 2
+2 2
+2 2
+3 3
+2 3
+1 2
+9 2
+5 2
+3 2
+2 1
fe=(2)
1521 2
cfi=(6)
cfn=(10)
calls=1 961 
* 24
+3 2
fi=(23) /build/glibc-SzIz7B/glibc-2.31/elf/./setup-vdso.h
24 2
fi=(21)
+35 6
190 2
67 2
189 1
67 1
189 1
64 1
+3 1
-2 1
+2 2
+70 5
-1 1
-69 4
+3 4
+1 2
+1 2
+4 3
+4 3
+3 3
+1 2
+4 1
+1 3
+11 1
+1 4
+5 2
-12 2
-1 1
+1 2
+3 2
fe=(2)
1398 1
-9 1
+27 1
-27 1
+2 1
-3 1
+10 2
-19 2
-10 1
+10 1
-10 2
+56 8
-1 4
+1 4
-1 4
+2 8
+1 1
+3 2
+1 2
-1 6
+1 6
+1 4
+1 10
+1 1
-65 3
+5 2
-5 1
+5 1
-5 2
+1 14
+95 2
-96 1
+96 2
-96 3
fi=(24) /build/glibc-SzIz7B/glibc-2.31/elf/../sysdeps/unix/sysv/linux/dl-vdso.h
40 1
+1 2
fi=(25) /build/glibc-SzIz7B/glibc-2.31/elf/../sysdeps/unix/sysv/linux/dl-vdso-setup.h
+4 1
fe=(2)
1549 2
cfi=(10)
cfn=(68)
calls=1 46 
* 88
* 8
fi=(3)
65 5
fe=(2)
1461 1
-92 1
+92 1
-92 2
fi=(3)
68 4
+3 4
+1 4
fe=(2)
1554 2
cfi=(27)
cfn=(72)
calls=1 681 
* 8598
+3 3
cfi=(34)
cfn=(100)
calls=1 46 
* 18
+7 1
-7 1
+2 1
+5 1
+4 1
+3 1
-3 3
+1 2
+3 1
+5 1
-7 1
+7 1
+18 2
+1 2
+5 1
-3 2
+2 1
+1 2
+5 3
+1 5
-1 2
+15 3
+1 1
-2 1
+2 3
+18 1
cfi=(35)
cfn=(102) _dl_count_modids
calls=1 108 
* 6
* 1
+8 3
+3 2
+4 3
+5 2
+1 1
cfi=(34)
cfn=(104)
calls=1 73 
* 2
+1 1
+4 3
+16 3
+2 1
+2 2
+8 2
+15 3
cfi=(48) /build/glibc-SzIz7B/glibc-2.31/io/../sysdeps/unix/sysv/linux/access.c
cfn=(150) access
calls=1 25 
* 9
* 2
+76 4
66 1
1805 1
66 2
1805 1
66 1
1805 6
cfi=(49)
cfn=(152)
calls=1 159 
* 32902
1609 2
+6 1
-6 2
+6 1
-37 6
fi=(3)
181 3
-20 2
fe=(2)
1567 4
2583 4
+2 2
+1 1
+46 2
+2 2
+1 1
fi=(25)
30 5
+3 1
+3 1
+3 1
fi=(24)
+16 2
fi=(21)
+58 2
+3 1
+4 1
fe=(2)
-54 1
1690 1
66 2
1690 1
66 1
1690 2
cfn=(106) handle_preload_list
calls=1 858 
* 3262
* 1
73 3
+9 3
1789 17
+1 1
-1 1
+4 3
+1 1
+1 2
+1 2
-7 2

fn=(120)
606 2
+2 1
-2 1
+2 1
+1 2
-1 2
+1 3
cfi=(27)
cfn=(122)
calls=1 1927 
* 2793
* 1
+2 2

fn=(54)
807 7
+1 7
+1 7

fn=(106)
858 10
+5 5
-4 1
+10 2
-3 3
cfi=(36)
cfn=(108)
calls=1 28 
* 273
* 1
+1 3
+9 1
168 1
878 2
168 2
880 2
780 2
-10 1
+8 1
+2 2
-6 1
+6 1
-5 1
+1 1
+4 1
cob=(2)
cfi=(18)
cfn=(110)
calls=1 0 
* 2894
+1 3
+8 4
+74 2
+21 9
-15 4
cfi=(20)
cfn=(48)
calls=1 127 
* 27
+1 2

fl=(48)
fn=(150)
25 1
+2 7
+4 1

fl=(32)
fn=(92)
23 21
+1 21
+1 21
+1 21
+1 21
+1 21
+1 21
+1 21
+1 21
+1 21
+1 21
+1 21
+1 21
+1 21
+1 21
+1 21
+1 21
+1 21
+1 9
+4 9
+1 9
+1 9
+1 9
+2 9
+4 12
+1 12
+1 12
+1 12
+1 12
+1 12
+1 12
+1 12
+1 12
+1 12
+1 12
+1 12
+1 12
+1 12
+1 12
+1 12
+1 12
+1 12
+1 12
+1 12
+1 12
+1 12
+1 12
+1 14
+5 1
+1 1
+3 1
+1 1
+1 1
+1 1
+1 1
+1 1
+1 1
+1 1
+1 1
+1 1
+1 1
+1 1
+1 1
+1 1
+1 1
+1 1
+1 1
+1 1
+2 1
+1 1
+2 1
+1 1
+1 1
+1 1
+1 1
+1 1
+1 1
+1 1
+2 1
+1 1
+1 1
+1 1
+1 1
+1 1
+1 1
+1 1
+1 1
+1 1
+3 1
+4 1
+1 1
+1 1
+1 1
+2 1
-9 11
+4 11
+1 11
+1 11
+1 11
+2 11

fl=(6)
fn=(10)
961 8
+3 24
+2 8
+2 16
+2 8
-1 8
+3 24
+1 8
+4 8
-3 8
+7 8
-7 8
+3 8
-1 8
+3 8
+2 8
-7 8
+7 8
+5 8

fl=(38)
fn=(118)
30 7
+2 7
+9 7
+1 14
+1 7
+4 7
+1 7
+1 7
+1 7
+1 7
+2 14
+2 7
+1 7
+1 7
+2 14
+2 7
+8 7
+3 7
+1 7
+7 7
+1 7

fl=(14)
fn=(30)
41 40
+38 40
+1 40
+1 40
+1 40
+1 40
+1 40
+1 40
+2 40
+2 40
+31 40
+1 40
+1 40
+1 40
+1 40
+1 14
+2 14
+4 26
+1 26
+1 26
+1 26
+1 26
+1 26
+1 26
+1 26
+1 26
+1 26
+1 26
+1 26
+5 196
+74 6
+1 6
+1 6
+1 6
+1 6
+1 6
+1 6
+1 6
+2 1
+2 1
+1 1
+1 1
+1 1
+1 1
+1 1
+1 1
+1 1
+5 5
+2 5
+1 70
+2 5
+1 5
+1 5
+2 5
-7 1
+1 14
+2 1
+1 1
+1 1
+2 1

fl=(28)
fn=(74)
42 6
+1 1
-1 5
+1 1
-1 1
+1 1
-1 1
+1 2
-1 1
+1 1
cfi=(8)
cfn=(26)
calls=1 368 
* 20
* 1
+2 1
+1 2
-1 1
+1 1
+9 1
-12 1
+12 4
+1 6
+1 1
-1 2
-1 12
+10 3
193 3
+2 1
+1 2
+1 4
+3 1
+1 1
-1 1
+4 2
+3 5
+4 7
+1 2
+2 2
+1 2
+1 2
-1 1
+1 1
-1 2
+9 2
+6 10
+1 2
-1 1
+1 2
cob=(2)
cfi=(18)
cfn=(44)
calls=1 0 
* 27
+1 4
-1 1
+1 1
+31 10
+3 4
+7 3
+10 9
-4 2
-3 1
+3 1
cfi=(20)
cfn=(78)
calls=1 114 
* 17
* 2
-3 1
+3 1
cfi=(20)
cfn=(78)
calls=1 114 
* 17
+3 2
-3 6
+3 4
+1 12
+1 5
cfi=(20)
cfn=(78)
calls=1 114 
* 15
* 2
-2 2
+5 6
cfi=(20)
cfn=(78)
calls=2 114 
* 30
* 4
+2 6
-7 3
+13 1
-1 1
+1 2
-1 2
+1 7
-1 7
+1 14
-1 18
+5 9
+4 4
-4 12
+4 44
+1 24
-1 24
+1 24
-1 24
-1 24
+4 9
+3 1
+2 2
-1 1
-1 1
+2 1
-2 1
+2 3
-1 1
+1 2
+2 6
+1 2
+3 2
-6 5
+13 7
+1 1
-1 2
+3 2
-3 3
+1 3
-1 6
+3 6
+3 3
+3 9
148 7
+1 1
-1 2
+37 3
+5 2
-5 1
+5 5
-4 10
fi=(29) /build/glibc-SzIz7B/glibc-2.31/elf/../sysdeps/x86/dl-hwcap.h
57 6
fe=(28)
188 1
+1 1
cfi=(14)
cfn=(30)
calls=1 41 
* 17
+1 5
-5 1
+4 1
+1 1
-5 5
-37 10
+37 2
316 1
+1 2
-6 6
-94 4
-2 3

fl=(15)
fn=(32)
32 5
+8 6
+4 2
+16 5

fl=(35)
fn=(102)
108 1
+5 2
+1 1
+15 2

fn=(166)
48 2
+3 8
+48 2
+4 2

fl=(47)
fn=(148)
25 6
+1 24
+1 6

fl=(8)
fn=(14)
287 9
-9 5
67 227
+6 74
-3 74
+3 6688
+4 148
+5 148
fi=(9) /build/glibc-SzIz7B/glibc-2.31/elf/dl-tunables.h
+37 74
fe=(8)
-37 296
fi=(9)
+38 36
-1 126
+1 36
-1 74
+1 148
fe=(8)
328 296
-12 9620
fi=(9)
119 3996
+1 1404
-1 882
+1 1404
fe=(8)
310 7696
70 74
-3 148
362 8

fn=(26)
368 7
+3 42
+9 7
-9 22
+26 35
+2 7
-9 7
+1 7

fl=(19)
fn=(46)
49 195
+1 156
+11 78
+3 39
-3 39
+3 230
+18 39
+1 39
+2 156
-16 4
+1 2
+2 1
+1 7
cfi=(44)
cfn=(138)
calls=1 -25 
* 20
* 1
+2 2
+2 2
+2 4
-23 1
-1 1
+1 1
+1 2
-2 2

fn=(42)
92 14
+4 7
+4 7
-1 14
+1 14
+3 7
cob=(2)
cfi=(18)
cfn=(44)
calls=7 0 
* 235

fn=(96)
109 14
+2 56

fn=(88)
262 9
+3 18
+2 9
+1 18
+4 427
+7 879
-2 596
+6 10
+7 5
+4 10
-4 2
+4 8
-22 191
+15 191
-15 386

fl=(20)
fn=(78)
114 212
+1 212
+1 212
+1 212
+17 212
+1 212
+1 110
+1 110
+5 86
+1 86
+1 86
+1 86
+5 86
280 102
+1 102
+1 51
+1 51
+1 34
+1 34
+1 32
+4 32
+22 51
+1 51
+1 51
+1 51
+1 51
+3 17
+1 17
+1 17
+1 17
+1 17
+3 2
+1 2
+1 2
+1 2
+1 2
+10 24
+1 24
+1 24
+1 24
+2 2
+1 2
+1 2
+1 2
+1 2
+1 2
+1 2
+1 2
+1 2
+1 2
+1 2
+1 2
+1 2
+1 2
+1 2
+1 2
+2 2
+3 22
+1 22
+1 22
+1 22
+1 22
+1 22
+1 22
+1 22
+2 22

fn=(48)
127 26
+1 26
+6 26
+1 26
+1 19
+1 19
+5 6
+1 6
+1 6
+1 6
+5 6
280 7
+1 7
+1 4
+1 4
+1 4
+1 4
+1 4
+1 4
+1 4
+2 4
+22 3
+1 3
+1 3
+1 3
+1 3
+24 13
+1 13
+1 13
+1 13
+2 6
+1 6
+1 6
+1 6
+1 6
+1 6
+1 6
+1 6
+1 6
+1 6
+1 6
+1 6
+1 6
+1 6
+1 6
+1 6
+2 6
+3 7
+1 7
+1 7
+1 7
+1 7
+1 7
+1 7
+1 7
+2 7

totals: 82623
